#TESTNET CREDENTIALS
MY_ACCOUNT_ID=0.0.3885310
MY_PUBLIC_KEY=302a300506032b65700321001341b2189e04c2c8b24a801bd5d3422f09d46cd7eac39609b5941e2b5c30fe07
MY_PRIVATE_KEY=302e020100300506032b6570042204200cd35be1f6f2f2f59aea113d1f74151d2818e32337da6522537126d397bfe8b6

#<----------------------- ACCOUNT_1 CREDENTIAL ---------------------------->
ACCOUNT_1_ID=0.0.4053803 

ACCOUNT_1_PBKEY=302a300506032b6570032100b164d5db71fd308073746624f5580f1b44828aa22c10ab3ab561b6dab617b1ab 

ACCOUNT_1_PVKEY=302e020100300506032b657004220420f0eaef68de0b9395ae8d393ad37ce5708ee93bd586a5e1c615d0dcd14ebfa7cb 

#<----------------------- ACCOUNT_2 CREDENTIAL ---------------------------->
ACCOUNT_2_ID=0.0.4053804 

ACCOUNT_2_PBKEY=302a300506032b6570032100d5a449321bc139fe237e83dfd811358af55c1f408c812c313b65c7180d4c0fd1 

ACCOUNT_2_PVKEY=302e020100300506032b657004220420b71cdaed6fc4bdd8b7b88e2565549aac99f841fd09b2530bcf8c1272d586fd31 

#<----------------------- ACCOUNT_3 CREDENTIAL ---------------------------->
ACCOUNT_3_ID=0.0.4053805 

ACCOUNT_3_PBKEY=302a300506032b6570032100b75c136b1de8ee94149e72e948009a67665be808985a378af02b5f431aca732e 

ACCOUNT_3_PVKEY=302e020100300506032b6570042204206914d6f8bb580f5dba14b0ecbc8b82004f2a3a3611b4d79eecdc1ee73df92b7a 

#<----------------------- ACCOUNT_4 CREDENTIAL ---------------------------->
ACCOUNT_4_ID=0.0.4053806 

ACCOUNT_4_PBKEY=302a300506032b65700321004a41f35fb35b8bd0593b0dc46857db37fc230fbc6960694329154f6bc99e0a56 

ACCOUNT_4_PVKEY=302e020100300506032b6570042204202c77c9f505a43ad6c18eeae6239f69cf04039e8a01627e1384266a41d4fce489 

#<----------------------- ACCOUNT_5 CREDENTIAL ---------------------------->
ACCOUNT_5_ID=0.0.4053807 

ACCOUNT_5_PBKEY=302a300506032b65700321004db3cf68580b401f3003a9caa4ef60193433606358151ed04608a4dd5956e98c 

ACCOUNT_5_PVKEY=302e020100300506032b657004220420b2db11fda97060cdd68a2d7f99cf278488cd020d85ff410b1944a88b2b9c4c1f 

TOKEN_ID=0.0.4054234

CONTRACT_ID=0.0.4055092

TOPIC_ID=0.0.4055033

SCHEDULE_ID=0.0.4054757

HEDERA_NETWORK=testnet